trt000001;121;131;193;land;2548.36;153.88
trt000002;214;66;27;land;2700.01;156.47
trt000003;207;21;45;land;3478.92;143.38
trt000004;185;241;225;land;3745.93;57.32
trt000005;171;206;5;land;3942.07;168.67
trt000006;113;137;132;land;2446.72;245.99
trt000007;241;160;175;land;2576.51;249.32
trt000008;184;83;60;land;2719.73;230.49
trt000009;107;222;246;land;2870.38;279.56
trt000010;198;244;67;land;3270.6;302.06
trt000011;34;32;204;land;3443.72;251.94
trt000012;156;64;249;land;3669.12;175.93
trt000013;229;221;209;land;3857.41;208.69
trt000014;38;212;167;land;3976.32;241.76
trt000015;238;177;180;land;2192.56;428.27
trt000016;137;145;210;land;2293.52;383.18
trt000017;189;216;27;land;2476.91;400.12
trt000018;228;102;54;land;2708.91;331.66
trt000019;150;107;91;land;2978.39;405.03
trt000020;228;71;66;land;3309.8;405.11
trt000021;77;199;98;land;3566.56;308.28
trt000022;197;93;168;land;3564.17;429.75
trt000023;9;177;108;land;3943.49;393.3
trt000024;97;84;192;land;4188.26;440.88
trt000025;129;41;218;land;4257.61;421.17
trt000026;220;125;141;land;6223.05;391.9
trt000027;0;178;54;land;6343.48;415.05
trt000028;170;218;56;land;2070.97;567.37
trt000029;239;12;153;land;2333.39;535.51
trt000030;27;60;193;land;2553.11;549.33
trt000031;140;231;126;land;2747.46;428.43
trt000032;224;41;219;land;3067.92;434.25
trt000033;225;113;97;land;3246.68;517.51
trt000034;16;1;30;land;3490.98;554.35
trt000035;26;86;211;land;3752.31;433.07
trt000036;98;46;108;land;3896.72;519.45
trt000037;40;180;161;land;4081.87;552.84
trt000038;63;124;82;land;4218.7;505.86
trt000039;250;128;59;land;5966.44;614.24
trt000040;143;186;5;land;6181.68;474.48
trt000041;170;244;212;land;6283.64;531.48
trt000042;22;198;167;land;6797.61;552.6
trt000043;129;166;102;land;7099.94;509.29
trt000044;170;31;209;land;7228.99;566.78
trt000045;236;146;187;land;1905.2;705.88
trt000046;128;231;56;land;2104.93;704.58
trt000047;24;189;139;land;2415.63;664.55
trt000048;33;99;127;land;2612.77;690.76
trt000049;10;92;218;land;2700.85;556.51
trt000050;200;201;182;land;2950.81;628.6
trt000051;98;241;239;land;3272.67;618.84
trt000052;246;157;65;land;3535.74;718.8
trt000053;193;2;173;land;3645.46;606.96
trt000054;79;56;77;land;3938.83;688.5
trt000055;246;213;186;land;4068.89;675.13
trt000056;93;185;101;land;5159.37;690.68
trt000057;16;175;209;land;5279.96;701.56
trt000058;130;79;145;land;5512.13;674.95
trt000059;201;150;190;land;5901.25;591.13
trt000060;44;83;100;land;6165.55;667.39
trt000061;108;95;192;land;6279.72;592.5
trt000062;114;155;145;land;7141.54;711.88
trt000063;116;143;235;land;7189.56;642.86
trt000064;130;241;220;land;1768.05;836.29
trt000065;44;12;152;land;1811.17;887.87
trt000066;241;236;65;land;2154.53;828.21
trt000067;200;106;143;land;2241.29;786.11
trt000068;124;123;139;land;2419.1;730.42
trt000069;13;148;172;land;2828.46;833.86
trt000070;165;97;82;land;3071.43;788.4
trt000071;243;64;120;land;3280.02;739.92
trt000072;243;214;153;land;3525.12;867.29
trt000073;209;126;200;land;3726.41;853.39
trt000074;50;228;95;land;3794.76;737.95
trt000075;169;54;51;land;4014.45;816.9
trt000076;144;206;120;land;4980.49;823.68
trt000077;15;201;162;land;5244.81;768.52
trt000078;187;107;48;land;5410.18;863.38
trt000079;27;235;227;land;6718.63;767.73
trt000080;232;188;0;land;7149.44;735.28
trt000081;14;111;10;land;7270.95;775.07
trt000082;183;255;167;land;7407.29;834.81
trt000083;191;81;141;land;1496.91;1003.3
trt000084;167;187;44;land;1587.6;922.93
trt000085;182;11;238;land;1872.42;946.41
trt000086;245;157;47;land;2144.2;903.39
trt000087;157;146;4;land;2317.2;944.39
trt000088;128;52;240;land;2459.27;868.73
trt000089;219;147;64;land;2763.23;966.85
trt000090;167;95;24;land;2968.74;910.54
trt000091;188;72;91;land;3305.67;882.64
trt000092;114;153;245;land;3351.42;989.41
trt000093;244;252;160;land;3704.43;977.28
trt000094;11;61;249;land;3862.43;911.04
trt000095;115;138;14;land;3979.49;952.54
trt000096;211;186;208;land;5061.47;834.98
trt000097;35;172;24;land;5119.33;887.86
trt000098;85;241;188;land;5390.16;868.5
trt000099;245;129;193;land;7386.03;934.62
trt000100;196;213;31;land;7451.96;894.0
trt000101;79;241;178;land;1335.05;1146.04
trt000102;113;40;138;land;1401.74;1123.36
trt000103;141;80;19;land;1571.91;1021.15
trt000104;180;214;87;land;2000.88;1143.32
trt000105;71;163;253;land;2084.77;1180.33
trt000106;140;251;110;land;2422.14;1018.08
trt000107;26;166;233;land;2653.46;1065.82
trt000108;1;219;244;land;2756.98;1110.46
trt000109;142;139;84;land;3001.19;1057.08
trt000110;153;238;162;land;3157.57;1087.16
trt000111;121;39;185;land;3540.72;1113.89
trt000112;49;29;198;land;3717.19;1086.32
trt000113;73;18;194;land;3865.06;1109.44
trt000114;41;186;228;land;4019.46;1086.92
trt000115;160;179;62;land;5057.87;1039.87
trt000116;60;44;128;land;5230.49;995.44
trt000117;33;224;69;land;6462.69;1131.13
trt000118;100;238;163;land;6472.87;1150.38
trt000119;109;244;152;land;7063.93;1083.41
trt000120;83;218;63;land;7245.23;1104.87
trt000121;69;162;97;land;7451.51;1102.16
trt000122;221;211;44;land;7621.65;1176.74
trt000123;3;174;151;land;1317.55;1201.43
trt000124;225;201;212;land;1385.12;1255.06
trt000125;115;218;26;land;1670.74;1260.89
trt000126;77;1;23;land;1904.6;1211.42
trt000127;130;15;154;land;2266.02;1117.82
trt000128;181;168;188;land;2353.78;1324.29
trt000129;142;98;47;land;2420.02;1143.13
trt000130;185;116;94;land;2831.74;1139.65
trt000131;119;165;78;land;2984.24;1182.34
trt000132;219;36;40;land;3335.33;1129.27
trt000133;133;249;10;land;3358.43;1238.31
trt000134;200;247;104;land;3717.65;1230.16
trt000135;122;140;225;land;3948.21;1239.12
trt000136;252;32;158;land;4034.68;1223.24
trt000137;125;219;60;land;5073.2;1122.64
trt000138;164;146;184;land;6212.85;1325.41
trt000139;113;106;195;land;6304.79;1249.47
trt000140;160;170;179;land;6422.0;1199.42
trt000141;100;188;193;land;6858.46;1299.08
trt000142;4;5;135;land;7139.57;1301.45
trt000143;236;105;172;land;7267.27;1256.72
trt000144;80;202;80;land;7473.62;1226.22
trt000145;134;153;15;land;7637.57;1250.1
trt000146;224;204;121;land;8425.53;1271.96
trt000147;14;253;114;land;8526.36;1277.71
trt000148;24;163;113;land;1328.29;1448.94
trt000149;79;20;210;land;1497.18;1265.66
trt000150;133;1;147;land;1574.88;1347.35
trt000151;186;125;249;land;1897.06;1289.41
trt000152;175;55;92;land;2043.41;1518.71
trt000153;178;239;158;land;2179.75;1318.97
trt000154;77;149;145;land;3096.03;1342.09
trt000155;29;79;249;land;3201.29;1324.48
trt000156;249;35;16;land;3442.91;1395.38
trt000157;9;67;215;land;3669.47;1358.62
trt000158;107;248;15;land;3924.96;1358.02
trt000159;224;207;111;land;4052.98;1294.68
trt000160;15;141;101;land;5141.54;1397.28
trt000161;253;119;154;land;6161.82;1432.02
trt000162;136;18;228;land;6276.1;1317.32
trt000163;114;206;11;land;6895.43;1432.33
trt000164;143;18;30;land;7089.09;1413.56
trt000165;149;118;226;land;7290.58;1387.69
trt000166;237;183;13;land;7426.59;1392.11
trt000167;196;29;254;land;7600.84;1363.52
trt000168;99;69;28;land;8396.95;1312.2
trt000169;231;121;141;land;8482.4;1322.99
trt000170;203;201;159;land;8676.08;1328.07
trt000171;204;26;182;land;1294.68;1544.16
trt000172;85;43;191;land;1447.59;1626.65
trt000173;213;17;190;land;1622.32;1584.5
trt000174;90;235;11;land;1912.01;1502.25
trt000175;191;144;10;land;2104.44;1494.77
trt000176;56;232;158;land;2354.15;1514.16
trt000177;176;124;94;land;2471.26;1514.76
trt000178;143;194;32;land;3152.56;1493.33
trt000179;251;235;35;land;3299.67;1475.15
trt000180;61;147;146;land;3551.6;1434.87
trt000181;178;201;231;land;3688.27;1525.31
trt000182;201;42;11;land;3883.53;1493.16
trt000183;248;243;230;land;4014.47;1468.95
trt000184;92;4;83;land;6110.9;1553.13
trt000185;72;56;230;land;6558.88;1601.39
trt000186;2;140;12;land;6741.85;1589.4
trt000187;146;65;150;land;6949.4;1549.42
trt000188;109;24;232;land;7212.49;1531.82
trt000189;102;124;225;land;7535.84;1562.22
trt000190;77;136;10;land;7697.67;1565.03
trt000191;27;248;38;land;7839.87;1591.81
trt000192;211;168;11;land;8042.22;1530.53
trt000193;161;129;213;land;8500.46;1485.75
trt000194;240;221;59;land;8559.14;1622.2
trt000195;67;8;42;land;391.7;1735.52
trt000196;65;225;91;land;451.62;1750.07
trt000197;239;239;214;land;1298.93;1625.21
trt000198;102;204;232;land;1545.57;1654.81
trt000199;108;172;233;land;1670.73;1695.16
trt000200;9;165;60;land;1912.01;1602.3
trt000201;76;253;34;land;2035.9;1735.04
trt000202;47;88;109;land;2367.28;1629.17
trt000203;81;199;241;land;2529.24;1665.74
trt000204;189;137;229;land;2642.44;1727.35
trt000205;138;232;135;land;3158.05;1610.85
trt000206;137;220;178;land;3304.56;1683.08
trt000207;27;70;65;land;3498.97;1609.12
trt000208;228;244;216;land;3658.37;1649.73
trt000209;179;72;154;land;3822.02;1679.95
trt000210;68;184;162;land;3977.4;1678.39
trt000211;40;114;18;land;4390.35;1713.88
trt000212;1;146;203;land;5321.3;1772.26
trt000213;44;166;109;land;5375.33;1753.99
trt000214;0;24;95;land;6090.63;1653.94
trt000215;221;233;52;land;6467.11;1748.42
trt000216;250;235;57;land;6537.27;1753.28
trt000217;189;219;253;land;6822.99;1738.38
trt000218;149;251;230;land;6996.95;1713.23
trt000219;38;176;173;land;7224.56;1639.66
trt000220;202;228;144;land;7398.08;1631.85
trt000221;91;116;124;land;7672.19;1723.44
trt000222;104;96;88;land;8009.17;1703.13
trt000223;87;227;133;land;8069.22;1610.45
trt000224;211;138;130;land;8313.06;1716.26
trt000225;220;154;143;land;8499.79;1723.02
trt000226;228;172;214;land;8729.79;1733.25
trt000227;104;127;65;land;8917.73;1786.89
trt000228;168;169;147;land;9551.94;1696.64
trt000229;137;225;88;land;9601.4;1694.72
trt000230;152;2;225;land;232.97;1833.92
trt000231;52;140;29;land;335.54;1797.7
trt000232;166;148;219;land;491.33;1835.34
trt000233;25;24;19;land;677.74;1853.4
trt000234;116;204;78;land;997.34;1883.87
trt000235;172;127;254;land;1128.34;1838.03
trt000236;137;211;243;land;1535.04;1833.67
trt000237;200;122;52;land;1738.08;1851.44
trt000238;166;105;72;land;1770.06;1786.56
trt000239;212;3;63;land;2087.84;1846.11
trt000240;227;168;99;land;2256.78;1657.62
trt000241;114;56;34;land;2488.04;1760.51
trt000242;189;22;112;land;2705.27;1813.21
trt000243;230;120;166;land;3158.09;1813.96
trt000244;251;23;144;land;3263.9;1802.95
trt000245;252;104;108;land;3482.29;1794.62
trt000246;182;64;138;land;3656.84;1763.57
trt000247;79;194;64;land;3948.43;1801.26
trt000248;134;167;233;land;4020.31;1747.35
trt000249;181;242;254;land;5047.12;1901.98
trt000250;101;52;184;land;5226.87;1844.72
trt000251;24;141;250;land;5423.43;1787.69
trt000252;216;144;234;land;5516.46;1884.87
trt000253;149;65;108;land;5963.54;1865.24
trt000254;74;113;231;land;6151.26;1719.3
trt000255;45;206;236;land;6304.61;1897.47
trt000256;113;183;172;land;6653.85;1771.43
trt000257;193;191;111;land;6716.86;1759.99
trt000258;128;89;245;land;7106.54;1869.97
trt000259;51;153;44;land;7192.95;1766.89
trt000260;242;238;22;land;7398.61;1784.96
trt000261;122;87;144;land;7618.5;1843.79
trt000262;191;215;158;land;8022.54;1842.06
trt000263;215;86;33;land;8216.84;1799.35
trt000264;29;97;138;land;8393.76;1840.86
trt000265;191;80;174;land;8656.01;1846.01
trt000266;102;52;16;land;8846.97;1788.78
trt000267;146;148;237;land;8976.96;1844.67
trt000268;172;246;14;land;9318.09;1830.56
trt000269;237;79;141;land;9439.26;1865.15
trt000270;147;99;196;land;170.02;1933.55
trt000271;252;200;172;land;375.09;1974.82
trt000272;26;111;35;land;601.25;1984.86
trt000273;35;49;100;land;726.36;1986.38
trt000274;134;249;32;land;1095.95;2044.17
trt000275;56;236;235;land;1217.71;1934.79
trt000276;164;210;103;land;1387.92;1942.8
trt000277;28;131;197;land;1583.95;1994.57
trt000278;134;178;111;land;1959.22;1868.41
trt000279;147;12;129;land;2121.27;1959.54
trt000280;99;255;122;land;2305.99;1954.3
trt000281;129;113;211;land;2590.58;1851.29
trt000282;197;159;125;land;2687.78;1961.44
trt000283;34;190;195;land;2909.07;2013.35
trt000284;62;161;108;land;3320.94;1886.29
trt000285;189;10;115;land;3369.93;1977.21
trt000286;77;109;60;land;3638.53;1914.27
trt000287;237;217;161;land;3841.12;1863.34
trt000288;57;187;101;land;5036.93;2017.99
trt000289;170;215;87;land;5209.6;2018.66
trt000290;68;100;118;land;5342.59;1918.73
trt000291;13;49;33;land;5561.17;1979.44
trt000292;254;187;13;land;5965.72;1998.81
trt000293;25;177;134;land;6131.68;1979.23
trt000294;29;165;17;land;6433.96;1943.79
trt000295;45;36;109;land;6553.13;1951.1
trt000296;22;170;57;land;6774.9;1959.14
trt000297;49;19;178;land;6951.89;1979.12
trt000298;123;132;141;land;7243.18;1980.14
trt000299;207;182;39;land;7480.19;1915.44
trt000300;12;171;192;land;7678.09;1999.56
trt000301;60;102;38;land;7853.31;1873.57
trt000302;205;194;221;land;8213.25;1921.09
trt000303;105;54;223;land;8416.73;2024.68
trt000304;196;143;216;land;8542.13;1927.33
trt000305;81;183;190;land;8839.43;1958.09
trt000306;208;14;22;land;9112.33;1930.78
trt000307;248;162;114;land;9332.12;1952.72
trt000308;160;175;171;land;9546.13;1979.64
trt000309;151;59;8;land;9642.37;2007.04
trt000310;34;132;8;land;162.67;2130.36
trt000311;89;38;59;land;307.73;2096.6
trt000312;3;140;217;land;502.68;2108.72
trt000313;80;161;55;land;809.29;2042.05
trt000314;118;236;173;land;935.45;2017.56
trt000315;163;201;27;land;1294.47;2105.33
trt000316;2;255;118;land;1518.09;2074.64
trt000317;51;239;229;land;1699.71;2057.79
trt000318;30;245;213;land;1870.52;2110.01
trt000319;231;54;201;land;2022.07;2095.32
trt000320;76;208;68;land;2231.4;2076.01
trt000321;97;168;32;land;2521.18;2166.55
trt000322;25;79;75;land;2789.53;2023.99
trt000323;210;71;176;land;2884.46;2080.76
trt000324;122;62;74;land;3220.85;2023.71
trt000325;3;119;152;land;3481.39;2058.52
trt000326;56;12;252;land;3619.06;2044.12
trt000327;99;163;136;land;4043.63;2122.39
trt000328;70;237;125;land;4168.62;2113.58
trt000329;173;60;208;land;4236.93;2139.99
trt000330;130;251;35;land;5061.8;2144.98
trt000331;26;87;195;land;5130.08;2072.01
trt000332;108;33;116;land;5357.07;2077.24
trt000333;76;235;106;land;5692.34;2026.44
trt000334;160;113;9;land;5821.45;2118.88
trt000335;32;83;27;land;6041.83;2104.83
trt000336;97;241;233;land;6350.19;2065.78
trt000337;83;7;63;land;6529.65;2110.04
trt000338;137;192;147;land;6714.19;2093.27
trt000339;5;74;160;land;7096.62;2088.89
trt000340;13;212;37;land;7354.7;2069.66
trt000341;241;156;35;land;7554.87;2078.39
trt000342;200;153;190;land;7803.1;2068.1
trt000343;4;201;147;land;7978.82;2085.04
trt000344;45;178;47;land;8132.56;2066.82
trt000345;75;166;23;land;8311.68;2037.01
trt000346;140;60;174;land;8544.21;2081.39
trt000347;175;71;91;land;8740.11;2112.74
trt000348;63;54;135;land;9052.87;2058.28
trt000349;198;91;59;land;9207.87;2062.97
trt000350;86;229;236;land;9446.14;2092.18
trt000351;152;165;51;land;9696.68;2086.25
trt000352;68;71;6;land;250.35;2294.31
trt000353;39;201;107;land;379.56;2262.86
trt000354;182;158;13;land;533.94;2237.73
trt000355;124;53;35;land;691.67;2182.17
trt000356;5;71;2;land;953.98;2197.4
trt000357;160;71;50;land;1279.01;2302.81
trt000358;190;155;177;land;1451.42;2202.69
trt000359;127;113;29;land;1649.06;2258.55
trt000360;227;237;213;land;1991.05;2243.97
trt000361;184;97;223;land;2132.62;2149.05
trt000362;191;36;43;land;2317.57;2194.15
trt000363;22;243;50;land;2665.01;2152.13
trt000364;142;13;28;land;2800.4;2217.12
trt000365;24;194;155;land;3291.35;2164.1
trt000366;7;36;54;land;3455.6;2201.74
trt000367;189;95;66;land;4049.1;2196.19
trt000368;254;83;146;land;4143.9;2194.52
trt000369;196;204;254;land;4226.22;2165.27
trt000370;88;212;165;land;4920.98;2239.19
trt000371;241;83;105;land;5038.08;2302.72
trt000372;153;179;157;land;5358.9;2231.51
trt000373;148;240;197;land;5509.19;2158.61
trt000374;193;30;70;land;5729.15;2268.27
trt000375;72;238;190;land;5903.4;2293.47
trt000376;93;121;222;land;6128.81;2227.77
trt000377;205;80;10;land;6325.13;2257.11
trt000378;167;144;203;land;6553.27;2203.41
trt000379;176;158;132;land;6796.61;2216.98
trt000380;142;55;188;land;6956.92;2210.41
trt000381;200;206;164;land;7206.88;2240.87
trt000382;5;68;246;land;7429.91;2211.42
trt000383;69;9;217;land;7660.89;2220.75
trt000384;42;115;64;land;7840.61;2276.69
trt000385;238;82;206;land;8286.27;2314.16
trt000386;86;59;242;land;8309.46;2189.62
trt000387;92;90;111;land;8527.48;2243.4
trt000388;127;49;52;land;8892.77;2208.94
trt000389;44;2;163;land;9080.04;2191.62
trt000390;164;162;20;land;9266.82;2189.25
trt000391;44;1;25;land;9426.95;2217.43
trt000392;235;64;114;land;9714.68;2160.95
trt000393;175;97;82;land;154.66;2337.17
trt000394;69;203;166;land;298.44;2410.79
trt000395;116;18;193;land;561.28;2344.53
trt000396;162;97;113;land;716.71;2381.12
trt000397;234;109;237;land;913.64;2346.75
trt000398;233;206;144;land;1116.81;2369.77
trt000399;246;174;12;land;1455.14;2347.19
trt000400;202;50;81;land;1758.1;2410.32
trt000401;110;177;53;land;1953.46;2445.51
trt000402;185;67;37;land;1965.76;2337.03
trt000403;169;45;18;land;2440.46;2336.61
trt000404;236;77;149;land;2588.58;2387.94
trt000405;89;227;49;land;2741.77;2282.16
trt000406;209;18;201;land;3305.98;2323.6
trt000407;46;40;176;land;3400.95;2329.03
trt000408;90;153;0;land;4422.86;2333.41
trt000409;33;79;147;land;4584.99;2434.71
trt000410;92;116;239;land;4809.09;2372.56
trt000411;54;29;44;land;4918.57;2368.9
trt000412;220;179;133;land;5311.52;2355.18
trt000413;71;11;134;land;5516.57;2380.36
trt000414;252;113;102;land;5715.13;2403.71
trt000415;91;196;155;land;5946.99;2424.64
trt000416;162;0;185;land;6165.48;2372.18
trt000417;43;243;41;land;6263.5;2434.32
trt000418;135;81;86;land;6570.6;2353.44
trt000419;198;249;209;land;6792.09;2370.83
trt000420;158;199;31;land;7035.16;2381.79
trt000421;36;46;70;land;7237.43;2358.21
trt000422;65;158;37;land;7476.05;2363.61
trt000423;131;153;134;land;7722.16;2396.66
trt000424;81;190;0;land;7952.54;2328.72
trt000425;56;22;3;land;8130.61;2315.28
trt000426;19;138;231;land;8410.31;2429.79
trt000427;254;139;100;land;8665.35;2415.1
trt000428;71;163;66;land;8731.67;2310.69
trt000429;23;141;219;land;9000.53;2319.94
trt000430;30;191;51;land;9289.99;2341.94
trt000431;198;14;178;land;9425.05;2290.1
trt000432;193;168;4;land;200.5;2450.52
trt000433;69;94;55;land;381.2;2475.24
trt000434;226;59;145;land;517.36;2439.31
trt000435;170;195;193;land;857.6;2434.61
trt000436;207;65;137;land;950.42;2560.37
trt000437;147;63;39;land;1272.33;2516.19
trt000438;236;219;152;land;1521.74;2461.24
trt000439;116;248;181;land;1719.25;2593.66
trt000440;33;249;237;land;1922.91;2566.11
trt000441;151;52;25;land;2065.36;2583.76
trt000442;139;109;154;land;2434.07;2461.29
trt000443;44;16;243;land;2617.27;2524.75
trt000444;176;211;145;land;2834.29;2537.86
trt000445;50;134;145;land;2905.77;2641.95
trt000446;17;186;0;land;3418.62;2435.2
trt000447;123;163;55;land;4449.89;2589.81
trt000448;192;8;11;land;4527.6;2615.43
trt000449;218;227;67;land;4856.48;2473.34
trt000450;5;126;252;land;5025.58;2491.16
trt000451;191;102;76;land;5326.39;2521.19
trt000452;157;245;71;land;5466.76;2548.53
trt000453;186;47;140;land;5674.26;2552.15
trt000454;101;28;244;land;6012.62;2529.71
trt000455;186;104;111;land;6204.12;2529.36
trt000456;90;120;119;land;6412.98;2490.2
trt000457;71;97;75;land;6590.24;2578.12
trt000458;72;157;179;land;6764.93;2532.45
trt000459;96;222;43;land;6922.4;2485.45
trt000460;53;4;191;land;7225.2;2502.62
trt000461;253;216;182;land;7578.32;2502.57
trt000462;168;224;9;land;7616.17;2613.01
trt000463;181;233;90;land;7990.58;2523.17
trt000464;37;141;79;land;8205.07;2499.95
trt000465;64;228;47;land;8342.51;2564.99
trt000466;128;46;139;land;8547.51;2426.64
trt000467;49;135;213;land;8812.78;2435.73
trt000468;18;203;112;land;9004.47;2573.42
trt000469;0;129;71;land;9145.44;2387.79
trt000470;222;118;123;land;183.58;2690.85
trt000471;72;101;243;land;275.64;2633.61
trt000472;71;138;85;land;1045.62;2552.53
trt000473;83;197;95;land;1247.1;2638.68
trt000474;67;204;87;land;1444.79;2666.62
trt000475;108;14;75;land;1583.53;2631.98
trt000476;198;9;95;land;1956.23;2680.83
trt000477;159;214;32;land;2171.94;2674.94
trt000478;54;113;160;land;2301.59;2740.55
trt000479;180;66;225;land;2573.5;2700.91
trt000480;199;189;5;land;2780.78;2641.06
trt000481;142;221;108;land;2928.86;2609.96
trt000482;6;185;3;land;4437.75;2723.87
trt000483;49;28;54;land;4488.45;2628.25
trt000484;246;14;198;land;4876.52;2645.3
trt000485;238;138;38;land;5010.47;2618.13
trt000486;92;204;92;land;5273.39;2689.62
trt000487;148;133;79;land;5542.83;2708.77
trt000488;240;3;138;land;5720.04;2682.96
trt000489;247;161;150;land;5910.03;2630.0
trt000490;129;75;111;land;6190.47;2683.68
trt000491;90;195;117;land;6370.48;2631.93
trt000492;250;150;212;land;6474.69;2670.99
trt000493;246;221;192;land;6716.35;2701.64
trt000494;147;229;144;land;6994.07;2635.54
trt000495;4;157;191;land;7192.12;2675.84
trt000496;42;237;177;land;7410.48;2662.95
trt000497;47;118;40;land;7790.39;2640.13
trt000498;120;199;126;land;7953.08;2716.66
trt000499;201;241;68;land;8117.78;2659.92
trt000500;168;145;105;land;8267.58;2677.71
trt000501;230;255;110;land;8516.86;2778.09
trt000502;53;35;87;land;8900.28;2676.05
trt000503;66;105;183;land;8983.9;2687.41
trt000504;225;3;12;land;9163.05;2702.33
trt000505;207;217;78;land;60.42;2768.26
trt000506;151;77;120;land;1136.88;2759.18
trt000507;182;68;9;land;1290.82;2808.83
trt000508;130;216;62;land;1517.46;2781.69
trt000509;250;96;131;land;1611.67;2867.47
trt000510;66;146;106;land;1789.87;2788.7
trt000511;193;242;204;land;2086.91;2800.53
trt000512;87;45;181;land;2314.44;2895.36
trt000513;248;97;94;land;2627.91;2841.35
trt000514;229;173;89;land;2762.92;2776.07
trt000515;35;168;249;land;2966.48;2793.57
trt000516;54;20;183;land;4399.0;2789.92
trt000517;150;200;178;land;4572.57;2814.23
trt000518;68;55;165;land;4747.35;2902.38
trt000519;174;41;78;land;5150.16;2834.81
trt000520;73;70;176;land;5360.11;2819.78
trt000521;39;202;206;land;5406.11;2738.38
trt000522;108;3;95;land;5714.09;2829.22
trt000523;71;2;178;land;5988.65;2782.16
trt000524;22;25;46;land;6201.37;2835.27
trt000525;180;190;186;land;6433.57;2768.22
trt000526;139;86;64;land;6496.07;2855.31
trt000527;232;131;101;land;6866.05;2780.8
trt000528;3;225;87;land;7076.87;2810.06
trt000529;48;31;128;land;7296.99;2817.21
trt000530;75;160;186;land;7573.8;2795.0
trt000531;135;213;61;land;7785.57;2832.52
trt000532;204;42;183;land;7970.78;2850.92
trt000533;154;144;209;land;8170.59;2849.79
trt000534;182;124;7;land;8357.95;2820.28
trt000535;68;251;40;land;8518.75;2851.26
trt000536;221;52;124;land;8917.57;2813.03
trt000537;68;91;216;land;8951.25;2750.24
trt000538;34;134;44;land;1186.19;2944.84
trt000539;65;4;176;land;1298.2;3013.4
trt000540;84;66;55;land;1415.59;2920.44
trt000541;86;187;17;land;1746.97;2931.73
trt000542;245;250;193;land;1934.06;2883.67
trt000543;203;118;46;land;2185.18;2940.28
trt000544;52;84;179;land;2424.51;2938.04
trt000545;90;51;195;land;2603.31;2979.46
trt000546;76;195;231;land;2852.83;2891.95
trt000547;77;8;214;land;3063.54;2966.12
trt000548;85;51;3;land;3140.88;2944.12
trt000549;99;18;89;land;4682.05;2995.55
trt000550;250;82;202;land;4904.53;2878.58
trt000551;46;246;54;land;5007.7;3029.47
trt000552;13;31;254;land;5195.1;3030.11
trt000553;163;181;137;land;5390.56;2953.47
trt000554;167;253;244;land;5586.29;2951.37
trt000555;103;55;241;land;5885.72;2894.78
trt000556;123;187;61;land;6061.71;2953.75
trt000557;144;209;248;land;6315.09;2946.5
trt000558;115;167;142;land;6619.69;2903.95
trt000559;33;211;112;land;6771.66;2933.05
trt000560;208;121;148;land;6985.75;2897.91
trt000561;54;179;35;land;7197.86;2873.82
trt000562;73;165;11;land;7573.93;2904.93
trt000563;59;46;7;land;7725.6;3017.77
trt000564;10;169;238;land;7892.55;2995.48
trt000565;171;121;105;land;8059.0;2983.67
trt000566;157;248;181;land;8350.01;2978.48
trt000567;81;167;247;land;8522.33;2979.1
trt000568;190;192;57;land;8892.81;2897.85
trt000569;83;205;250;land;1262.99;3094.1
trt000570;52;184;40;land;1410.82;3064.09
trt000571;247;178;124;land;1680.27;3074.96
trt000572;152;154;237;land;1906.1;3115.44
trt000573;190;41;192;land;2088.78;3093.72
trt000574;52;130;212;land;2307.55;3183.39
trt000575;243;22;199;land;2472.17;3108.06
trt000576;12;207;239;land;2781.59;3069.48
trt000577;109;167;200;land;2928.22;3116.09
trt000578;211;93;222;land;3133.15;3011.43
trt000579;244;64;31;land;4693.87;3136.08
trt000580;54;11;139;land;4845.15;3061.09
trt000581;19;144;40;land;5122.83;3057.04
trt000582;180;59;214;land;5265.68;3097.25
trt000583;64;18;214;land;5359.78;3097.59
trt000584;82;241;184;land;5577.99;3071.14
trt000585;30;72;59;land;5806.86;3088.86
trt000586;212;63;232;land;6158.86;3108.83
trt000587;240;77;2;land;6406.98;3087.27
trt000588;30;255;252;land;6542.17;3071.12
trt000589;124;166;171;land;6788.87;3098.94
trt000590;139;179;7;land;7123.42;2999.04
trt000591;2;76;185;land;7272.29;3014.5
trt000592;91;19;134;land;7452.77;3064.61
trt000593;255;172;64;land;7758.96;3193.72
trt000594;144;68;126;land;7901.96;3106.76
trt000595;216;151;159;land;8202.85;3080.16
trt000596;191;163;164;land;8295.37;3113.55
trt000597;176;193;204;land;8654.36;3133.49
trt000598;20;251;83;land;8718.66;3096.28
trt000599;230;180;253;land;1270.82;3232.72
trt000600;74;54;139;land;1462.34;3226.79
trt000601;74;211;203;land;1735.61;3282.23
trt000602;50;69;243;land;1962.33;3292.21
trt000603;12;50;120;land;2185.73;3280.17
trt000604;50;59;101;land;2396.77;3284.52
trt000605;57;28;246;land;2549.36;3223.74
trt000606;178;198;115;land;2690.81;3156.86
trt000607;252;165;182;land;4402.97;3326.62
trt000608;94;131;66;land;4586.4;3263.63
trt000609;229;180;190;land;4867.76;3312.96
trt000610;118;89;240;land;4950.51;3183.55
trt000611;219;183;118;land;5289.92;3278.72
trt000612;175;40;124;land;5545.23;3286.65
trt000613;91;213;219;land;5732.25;3309.75
trt000614;187;19;28;land;5923.41;3304.02
trt000615;217;254;90;land;6252.07;3305.25
trt000616;100;101;238;land;6514.03;3214.96
trt000617;165;4;25;land;6659.04;3263.03
trt000618;43;137;199;land;6840.17;3228.03
trt000619;88;36;144;land;7054.59;3214.53
trt000620;219;235;254;land;7304.12;3168.97
trt000621;73;133;166;land;7575.28;3280.42
trt000622;93;47;75;land;7606.54;3122.71
trt000623;194;11;187;land;7911.99;3234.32
trt000624;68;7;196;land;8070.5;3191.43
trt000625;96;105;120;land;8261.65;3182.21
trt000626;207;116;55;land;8470.84;3305.49
trt000627;225;39;9;land;1279.76;3346.85
trt000628;16;249;240;land;1405.87;3351.35
trt000629;182;226;201;land;1733.72;3441.58
trt000630;88;144;84;land;1879.22;3450.93
trt000631;43;225;137;land;2092.39;3450.56
trt000632;92;20;116;land;2389.91;3397.17
trt000633;161;21;99;land;2541.92;3326.0
trt000634;89;237;236;land;3849.0;3362.0
trt000635;178;226;79;land;4483.43;3322.88
trt000636;50;95;158;land;4655.97;3474.47
trt000637;39;99;50;land;4782.78;3492.44
trt000638;219;78;107;land;5007.53;3400.63
trt000639;225;233;98;land;5223.48;3348.34
trt000640;249;146;88;land;5491.19;3371.8
trt000641;194;18;125;land;5728.48;3384.35
trt000642;60;142;187;land;5909.02;3421.9
trt000643;134;5;214;land;6147.11;3328.98
trt000644;133;166;175;land;6336.5;3401.48
trt000645;32;157;58;land;6561.37;3368.28
trt000646;152;109;247;land;6799.49;3432.74
trt000647;7;142;224;land;6941.14;3491.88
trt000648;19;170;93;land;7318.01;3353.3
trt000649;163;179;56;land;7480.03;3434.82
trt000650;254;122;156;land;7691.96;3402.55
trt000651;228;26;54;land;7824.28;3378.41
trt000652;136;175;59;land;8096.56;3310.1
trt000653;45;98;187;land;8447.98;3402.61
trt000654;79;82;247;land;8467.83;3350.83
trt000655;53;115;151;land;1371.42;3457.33
trt000656;8;34;168;land;1566.74;3553.32
trt000657;66;217;194;land;1564.11;3438.11
trt000658;119;35;171;land;1886.11;3610.48
trt000659;251;2;121;land;2202.85;3567.95
trt000660;106;105;111;land;2305.15;3503.6
trt000661;4;55;114;land;2456.31;3493.94
trt000662;98;12;105;land;2852.83;3577.22
trt000663;239;3;11;land;4156.41;3561.87
trt000664;163;193;101;land;4476.06;3561.25
trt000665;224;71;9;land;4670.39;3568.11
trt000666;227;195;65;land;4881.5;3515.6
trt000667;140;3;173;land;4948.41;3666.51
trt000668;155;117;195;land;5236.76;3643.46
trt000669;224;17;23;land;5528.15;3486.86
trt000670;83;54;222;land;5741.14;3531.49
trt000671;70;112;154;land;5836.94;3555.78
trt000672;223;156;191;land;6174.36;3476.4
trt000673;226;254;139;land;6424.86;3524.39
trt000674;170;88;185;land;6596.95;3561.61
trt000675;169;47;156;land;6726.78;3558.2
trt000676;5;68;10;land;7129.08;3479.36
trt000677;77;7;210;land;7244.37;3565.19
trt000678;164;126;3;land;7581.12;3470.47
trt000679;167;90;86;land;7684.54;3585.6
trt000680;242;8;64;land;7822.36;3539.65
trt000681;172;124;55;land;8275.7;3496.77
trt000682;201;108;252;land;8390.71;3460.31
trt000683;253;219;75;land;1576.42;3621.91
trt000684;38;159;32;land;1624.39;3698.97
trt000685;229;149;145;land;1805.45;3710.18
trt000686;242;128;239;land;2086.15;3633.19
trt000687;206;32;139;land;2369.23;3659.15
trt000688;10;0;17;land;2501.0;3746.0
trt000689;76;40;131;land;4168.68;3702.98
trt000690;176;240;40;land;4362.44;3671.68
trt000691;72;209;117;land;4552.62;3692.59
trt000692;161;8;201;land;4826.06;3707.21
trt000693;201;234;83;land;5089.13;3668.88
trt000694;233;136;53;land;5354.14;3647.95
trt000695;30;18;35;land;5493.61;3684.52
trt000696;97;140;57;land;5701.71;3669.12
trt000697;193;21;249;land;6007.23;3578.65
trt000698;212;168;22;land;6202.17;3666.86
trt000699;244;184;237;land;6369.79;3725.4
trt000700;60;65;174;land;6691.57;3708.83
trt000701;19;236;180;land;6912.99;3703.56
trt000702;31;31;208;land;7026.11;3641.47
trt000703;248;117;224;land;7367.82;3632.39
trt000704;169;97;93;land;7555.35;3710.8
trt000705;57;119;219;land;7557.47;3598.34
trt000706;212;4;55;land;7827.8;3705.94
trt000707;80;162;196;land;8199.72;3630.89
trt000708;105;116;104;land;8503.95;3749.71
trt000709;209;171;220;land;296.61;3896.82
trt000710;104;58;164;land;1540.36;3744.09
trt000711;89;132;228;land;1692.23;3736.89
trt000712;31;95;154;land;1843.17;3811.37
trt000713;125;92;161;land;2463.69;3902.71
trt000714;241;142;115;land;2488.6;3811.8
trt000715;95;67;244;land;4206.42;3851.67
trt000716;99;215;148;land;4285.55;3794.62
trt000717;8;142;88;land;4602.26;3810.9
trt000718;191;212;141;land;4750.32;3856.61
trt000719;131;191;34;land;5143.6;3811.05
trt000720;251;55;207;land;5339.7;3754.72
trt000721;153;95;162;land;5452.07;3823.71
trt000722;102;120;44;land;5719.67;3798.38
trt000723;187;67;249;land;5869.94;3803.64
trt000724;75;23;226;land;6024.19;3877.46
trt000725;3;145;27;land;6481.73;3730.98
trt000726;9;85;124;land;6555.89;3846.83
trt000727;21;95;73;land;6845.14;3816.08
trt000728;185;231;123;land;7085.74;3835.15
trt000729;37;168;233;land;7256.07;3816.84
trt000730;128;60;115;land;7403.99;3814.96
trt000731;158;97;84;land;7651.67;3832.08
trt000732;29;169;12;land;7925.96;3839.87
trt000733;210;12;107;land;8121.08;3753.05
trt000734;81;183;78;land;8507.0;3754.73
trt000735;62;95;237;land;391.68;3972.89
trt000736;78;173;119;land;1768.99;3906.98
trt000737;82;93;103;land;1873.27;3940.04
trt000738;158;168;139;land;2126.3;3977.66
trt000739;241;192;230;land;2357.23;3900.96
trt000740;45;70;87;land;2635.39;3980.42
trt000741;129;53;188;land;2694.21;3981.65
trt000742;115;186;108;land;2932.08;4033.67
trt000743;139;39;38;land;3933.17;4034.11
trt000744;243;142;244;land;4217.95;3980.55
trt000745;189;95;79;land;4362.76;3931.8
trt000746;154;135;203;land;4584.52;3951.16
trt000747;10;164;84;land;4850.28;3974.8
trt000748;148;237;121;land;4986.88;3960.38
trt000749;62;245;162;land;5141.11;3977.62
trt000750;130;180;84;land;5528.39;3984.06
trt000751;242;34;82;land;5781.43;3956.18
trt000752;86;198;157;land;5943.47;3926.77
trt000753;71;42;26;land;6098.99;3914.91
trt000754;111;171;67;land;6153.99;3932.02
trt000755;125;191;190;land;6644.88;3900.89
trt000756;143;68;238;land;6739.33;3903.37
trt000757;255;178;83;land;7041.17;3828.27
trt000758;183;232;32;land;7257.36;3975.41
trt000759;191;36;150;land;7492.89;3920.58
trt000760;59;242;223;land;7619.21;3973.06
trt000761;187;155;83;land;7937.82;4063.89
trt000762;105;55;210;land;1948.76;3996.51
trt000763;228;244;68;land;2075.25;4051.0
trt000764;172;251;125;land;2297.21;4152.51
trt000765;244;157;209;land;2619.6;4205.86
trt000766;222;65;39;land;2706.87;4179.22
trt000767;101;186;207;land;2953.27;4101.62
trt000768;178;239;185;land;3975.17;4090.46
trt000769;149;242;3;land;4225.36;4109.52
trt000770;214;249;57;land;4376.19;4142.25
trt000771;138;121;107;land;4509.69;4077.52
trt000772;23;42;31;land;4786.86;4251.7
trt000773;216;15;212;land;4837.37;4098.37
trt000774;169;62;64;land;5121.71;4160.97
trt000775;245;66;129;land;5388.06;4052.0
trt000776;171;21;254;land;5639.86;4212.61
trt000777;232;156;90;land;5866.87;4084.99
trt000778;228;67;146;land;5996.3;4037.99
trt000779;185;101;47;land;6699.41;4119.85
trt000780;221;92;249;land;6775.24;4031.84
trt000781;194;116;157;land;7386.13;4056.32
trt000782;32;12;171;land;7571.73;4095.48
trt000783;236;61;64;land;7579.13;4164.27
trt000784;255;94;53;land;8031.39;4168.79
trt000785;190;113;187;land;8043.82;4184.78
trt000786;80;255;151;land;2431.88;4272.05
trt000787;206;23;92;land;2533.74;4341.71
trt000788;142;57;238;land;2771.29;4272.36
trt000789;137;23;26;land;2924.87;4297.98
trt000790;5;180;202;land;4262.04;4202.59
trt000791;18;233;80;land;4353.56;4227.99
trt000792;205;149;120;land;4647.17;4272.01
trt000793;147;165;56;land;4684.4;4240.89
trt000794;249;111;113;land;4922.05;4227.69
trt000795;201;162;6;land;5305.58;4323.2
trt000796;55;117;175;land;5388.26;4183.75
trt000797;254;86;90;land;5747.04;4308.04
trt000798;120;80;56;land;5922.43;4253.55
trt000799;117;114;233;land;6721.44;4221.56
trt000800;19;87;145;land;6774.88;4189.96
trt000801;124;20;24;land;7346.43;4277.61
trt000802;99;255;167;land;7487.1;4156.02
trt000803;219;139;255;land;7527.64;4216.92
trt000804;108;216;114;land;8000.09;4296.59
trt000805;70;3;44;land;8049.11;4294.8
trt000806;117;117;198;land;220.0;4345.0
trt000807;145;179;152;land;283.33;4410.6
trt000808;216;109;115;land;2625.56;4342.73
trt000809;91;179;18;land;2821.12;4396.77
trt000810;31;102;6;land;2946.02;4428.02
trt000811;31;201;109;land;3093.04;4391.97
trt000812;192;148;163;land;4431.59;4297.55
trt000813;111;70;254;land;4500.51;4295.34
trt000814;61;131;118;land;4906.72;4461.56
trt000815;243;163;114;land;4967.51;4504.24
trt000816;51;181;179;land;5160.71;4325.74
trt000817;184;13;143;land;5382.79;4530.23
trt000818;165;7;60;land;5642.76;4440.05
trt000819;190;70;235;land;5856.91;4393.7
trt000820;169;206;159;land;6826.24;4298.0
trt000821;59;230;45;land;7305.27;4416.55
trt000822;183;126;149;land;7413.05;4394.86
trt000823;3;135;251;land;7755.55;4406.09
trt000824;219;178;220;land;7791.54;4448.72
trt000825;97;49;42;land;8111.3;4464.04
trt000826;229;102;191;land;2129.41;4519.95
trt000827;19;209;250;land;2478.76;4543.29
trt000828;44;12;90;land;2653.36;4467.5
trt000829;204;134;149;land;2829.02;4566.9
trt000830;48;86;166;land;2989.46;4526.8
trt000831;44;159;81;land;3164.16;4497.15
trt000832;177;254;40;land;3364.31;4605.59
trt000833;29;139;199;land;3521.13;4611.56
trt000834;248;102;191;land;4909.17;4542.09
trt000835;176;219;38;land;5037.11;4527.17
trt000836;104;22;109;land;5225.59;4601.81
trt000837;113;168;234;land;5589.25;4523.72
trt000838;50;247;25;land;5691.88;4542.48
trt000839;201;120;207;land;5777.73;4470.39
trt000840;57;246;145;land;7386.96;4506.8
trt000841;220;117;210;land;7448.66;4556.51
trt000842;102;141;138;land;7715.1;4532.87
trt000843;241;247;187;land;7929.75;4559.06
trt000844;100;169;11;land;8263.03;4564.25
trt000845;83;133;46;land;8381.76;4591.27
trt000846;119;208;141;land;8549.47;4649.65
trt000847;57;88;208;land;8767.66;4591.41
trt000848;14;140;193;land;9138.0;4524.0
trt000849;238;158;201;land;9328.0;4481.0
trt000850;107;28;154;land;824.6;4745.6
trt000851;73;209;138;land;2467.65;4654.86
trt000852;54;164;86;land;2586.41;4622.4
trt000853;38;149;238;land;2723.83;4704.29
trt000854;14;213;9;land;2981.08;4764.81
trt000855;236;252;121;land;3173.01;4674.28
trt000856;106;62;197;land;3521.31;4675.96
trt000857;251;71;249;land;3629.8;4702.86
trt000858;39;237;38;land;5032.89;4727.0
trt000859;4;19;79;land;5155.66;4754.73
trt000860;229;216;125;land;5519.27;4662.07
trt000861;214;223;252;land;5635.06;4691.93
trt000862;222;185;42;land;6603.88;4703.25
trt000863;166;195;117;land;7465.6;4615.43
trt000864;161;69;228;land;7767.0;4732.07
trt000865;22;219;24;land;7929.62;4738.58
trt000866;204;79;114;land;8061.43;4744.39
trt000867;152;126;73;land;8437.7;4656.87
trt000868;98;111;41;land;8505.07;4709.8
trt000869;150;141;63;land;8864.64;4673.69
trt000870;237;19;96;land;8970.53;4722.96
trt000871;2;4;94;land;826.5;4762.5
trt000872;219;254;230;land;2573.43;4790.9
trt000873;78;237;195;land;2842.77;4924.05
trt000874;151;149;250;land;2928.52;4936.03
trt000875;251;93;230;land;3291.46;4815.14
trt000876;122;114;247;land;3445.81;4823.63
trt000877;239;71;43;land;3555.13;4819.15
trt000878;255;123;23;land;5047.28;4856.22
trt000879;67;129;116;land;5194.65;4874.49
trt000880;192;44;255;land;5378.94;4874.09
trt000881;90;68;240;land;5657.81;4872.17
trt000882;116;163;240;land;5962.04;4902.37
trt000883;231;154;159;land;8017.82;4768.8
trt000884;119;132;90;land;8118.27;4932.02
trt000885;65;238;63;land;8260.38;4861.36
trt000886;253;125;184;land;8651.49;4736.74
trt000887;215;204;69;land;8719.39;4783.15
trt000888;178;100;207;land;8997.09;4766.67
trt000889;100;25;114;land;9745.99;4877.79
trt000890;20;101;8;land;530.98;5028.08
trt000891;181;218;146;land;669.0;4969.0
trt000892;168;45;137;land;2662.64;4902.45
trt000893;142;151;144;land;2781.25;4983.01
trt000894;112;20;131;land;2955.02;5025.85
trt000895;135;159;220;land;3131.49;4992.88
trt000896;130;224;81;land;3386.68;5001.53
trt000897;73;167;37;land;5068.21;4947.09
trt000898;39;251;227;land;5284.53;5048.4
trt000899;148;208;144;land;5525.55;4972.97
trt000900;153;1;129;land;5620.66;4977.55
trt000901;165;185;144;land;5904.85;4997.13
trt000902;190;51;210;land;7994.26;5024.53
trt000903;200;32;218;land;8154.17;5032.16
trt000904;244;74;81;land;8288.65;4954.75
trt000905;147;245;146;land;8541.12;4958.38
trt000906;169;241;218;land;9179.86;4922.87
trt000907;119;171;127;land;9484.24;4995.83
trt000908;172;144;33;land;206.0;5147.0
trt000909;11;171;159;land;924.0;5051.0
trt000910;219;70;105;land;2728.34;5140.73
trt000911;186;113;61;land;3025.45;5154.32
trt000912;136;253;149;land;3251.92;5115.93
trt000913;47;62;89;land;3402.84;5114.91
trt000914;217;185;139;land;5139.17;5125.52
trt000915;223;45;156;land;5280.8;5129.37
trt000916;211;47;168;land;5436.51;5030.62
trt000917;234;55;216;land;5535.88;5151.73
trt000918;192;67;215;land;5872.73;5116.86
trt000919;99;243;40;land;6138.36;5091.05
trt000920;139;98;225;land;7841.91;5123.65
trt000921;62;68;151;land;7993.38;5131.22
trt000922;240;107;21;land;8170.5;5151.02
trt000923;193;252;216;land;8365.47;5104.0
trt000924;183;226;143;land;8542.96;5115.61
trt000925;83;237;18;land;8670.53;5164.36
trt000926;182;110;70;land;9142.39;5097.06
trt000927;164;212;132;land;9190.54;5086.12
trt000928;22;90;1;land;1633.5;5270.0
trt000929;76;64;139;land;2698.22;5317.51
trt000930;32;84;120;land;2831.72;5225.91
trt000931;210;116;239;land;2998.02;5280.26
trt000932;53;232;62;land;3192.05;5238.06
trt000933;187;16;182;land;5042.91;5123.28
trt000934;169;83;173;land;5231.22;5204.34
trt000935;243;64;232;land;5374.06;5249.16
trt000936;197;79;8;land;5848.04;5192.08
trt000937;175;104;24;land;7801.16;5241.18
trt000938;58;207;26;land;7982.26;5229.03
trt000939;20;244;137;land;8138.65;5267.91
trt000940;164;124;247;land;8465.57;5295.85
trt000941;45;127;84;land;8720.78;5335.7
trt000942;236;89;200;land;8740.34;5258.07
trt000943;170;235;15;land;2682.98;5459.22
trt000944;82;101;131;land;2888.52;5423.13
trt000945;202;129;8;land;3081.14;5423.58
trt000946;135;70;88;land;3179.21;5357.34
trt000947;1;103;219;land;5166.14;5457.06
trt000948;165;161;221;land;5178.59;5358.46
trt000949;91;137;210;land;5388.95;5381.44
trt000950;222;82;130;land;7804.04;5410.34
trt000951;212;199;137;land;7942.75;5366.65
trt000952;134;49;85;land;8180.85;5368.89
trt000953;214;63;247;land;8336.25;5354.43
trt000954;227;127;95;land;8608.41;5344.13
trt000955;10;52;110;land;8763.75;5397.29
trt000956;115;112;78;land;2659.12;5560.85
trt000957;155;98;173;land;2740.73;5525.3
trt000958;91;151;110;land;3067.79;5488.82
trt000959;72;156;221;land;3130.28;5477.42
trt000960;100;14;222;land;5169.97;5489.62
trt000961;40;114;220;land;5288.31;5434.37
trt000962;59;75;153;land;7812.6;5499.87
trt000963;28;69;228;land;7885.72;5462.39
trt000964;69;107;149;land;8457.66;5494.82
trt000965;136;13;83;land;8570.43;5554.46
trt000966;200;84;212;land;8671.92;5502.62
trt000967;54;121;9;land;9378.26;5549.43
trt000968;103;198;41;land;9442.47;5630.68
trt000969;82;223;206;land;2638.95;5683.9
trt000970;108;242;138;land;2762.61;5727.52
trt000971;54;25;93;land;2922.77;5602.41
trt000972;44;198;109;land;8485.53;5607.45
trt000973;69;107;165;land;8628.54;5753.03
trt000974;160;170;73;land;9341.99;5762.37
trt000975;217;90;80;land;9416.86;5688.81
trt000976;47;185;253;land;2596.26;5867.54
trt000977;209;151;206;land;2751.95;5844.23
trt000978;53;147;212;land;8620.43;5796.39
trt000979;218;85;122;land;9281.55;5840.21
trt000980;78;163;29;land;2622.38;5941.4
trt000981;136;120;26;land;2724.01;5963.91
trt000982;169;120;193;land;6034.68;5931.77
trt000983;90;132;223;land;6508.21;6036.92
trt000984;63;49;184;land;9226.46;5901.24
trt000985;169;63;152;land;2683.02;6066.35
trt000986;137;12;227;land;2695.9;6139.21
trt000987;37;212;91;land;3014.87;6154.01
trt000988;5;127;250;land;6522.39;6052.86
trt000989;207;127;249;land;2643.25;6171.06
trt000990;240;30;252;land;2776.07;6270.52
trt000991;128;178;239;land;3619.25;6273.47
trt000992;1;51;173;ocean;1792.05;1095.49
trt000993;35;15;145;ocean;5348.62;975.78
trt000994;56;37;113;ocean;8469.29;863.75
trt000995;49;7;147;ocean;548.44;3021.15
trt000996;45;14;122;ocean;3759.19;3623.44
trt000997;45;43;122;ocean;9156.18;3342.62
trt000998;40;55;126;ocean;1474.42;5360.93
trt000999;48;62;113;ocean;5453.43;5413.29
trt001000;12;41;167;ocean;8384.61;5201.02
